2173
893
1734
1475
88
2833
1581
1069
306
1672
873
1486
1628
590
1068
276
1948
2920
95
727
879
2801
1754
386
2141
2341
2103
357
2569
1392
555
750
217
1609
1143
2556
259
1370
521
1523
2842
834
1825
1096
2496
1778
2884
1538
374
236
1891
2114
2204
1949
250
1053
1001
1273
2315
2643
1834
1337
2913
292
2454
2513
446
565
1707
428
1501
2360
2671
2453
1044
1009
1491
2889
60
1807
1401
2813
158
1094
715
876
2817
2918
948
2841
2618
2559
2764
1434
2784
1048
107
1123
1227
931
300
2365
2735
2863
71
1288
458
512
466
2451
2485
2129
2132
2672
2800
1159
2464
1985
2673
110
2310
1431
2142
367
983
2239
2865
820
2226
1151
752
836
936
1416
2641
1709
2041
2792
1148
615
1573
2670
2067
1733
2392
1210
762
159
2378
1336
1134
1926
2827
1469
102
384
643
2253
1426
1018
1796
1435
1172
1312
953
1321
2823
925
2721
395
220
2130
1911
2543
871
1627
1317
414
541
2383
459
387
1328
81
2824
2109
2886
2700
633
1784
747
334
1112
137
2598
2666
548
2296
744
1578
1263
2054
824
2876
731
1471
842
759
959
2871
469
2503
778
2681
1282
203
1765
2219
1062
136
2252
2786
2788
878
798
775
991
1818
2690
2630
1804
2741
2216
897
2319
732
1694
1569
2300
2754
2591
93
965
1757
211
981
1178
2034
1310
688
2710
2720
133
2816
1460
290
456
694
881
1122
247
2907
397
1853
825
216
2581
1117
1885
1534
439
2737
971
1113
452
1286
2722
1674
1592
2480
1749
2504
2847
2433
2819
1773
26
1030
2086
2818
365
1381
2106
2361
2311
348
2035
611
2489
829
2206
80
1419
2302
1972
1982
1450
1702
2263
1462
293
393
1170
496
867
297
1845
792
2273
482
710
2505
769
1854
2112
666
2265
856
1272
1536
849
1514
2755
596
522
1839
685
684
346
1801
2897
2004
608
2143
738
926
1195
990
430
1488
1561
2458
2405
320
479
937
179
1800
1204
683
1034
1966
1717
1137
2166
1909
2571
892
1179
2174
818
2092
473
1043
1135
583
1603
399
2007
2518
1360
1693
1371
1824
690
2281
1953
2619
1819
1485
1402
7
2195
1860
2153
2099
1543
835
2519
2185
1085
1689
252
1191
143
180
1243
1368
2635
537
1442
2438
911
283
2457
1531
864
2384
1553
545
951
205
1061
2648
356
1659
1433
1805
1047
2211
632
2477
2487
851
375
899
2642
2796
2056
1217
2019
2414
2657
2249
1637
404
2279
1725
2117
591
2060
2845
401
328
62
368
2043
1933
2542
938
2922
915
984
296
2492
800
519
1793
30
1052
2255
1025
2381
194
2087
90
768
2291
831
2851
2541
2475
1083
1811
1124
1532
1732
1938
1956
1386
2866
1660
600
1253
317
2561
2491
2201
1432
1545
2832
2873
2337
2398
443
662
1593
2362
1382
2368
2753
2048
2825
2583
722
2286
1803
47
2274
2680
331
146
124
174
1697
138
2258
2388
1925
1741
117
784
1841
1712
2455
760
1156
530
2530
2629
2867
1970
700
2839
1973
908
2149
1558
1790
2481
624
560
2022
846
602
2257
1228
1196
336
2733
1356
1216
74
588
2745
1015
1376
2448
1437
1870
2267
1092
1544
1704
1954
91
2023
1690
2659
287
2346
1955
1997
1390
338
1888
94
206
1616
113
753
1683
2348
2499
1977
2430
1144
2494
2711
1081
1344
352
481
861
598
1873
2040
2323
2116
14
350
2904
594
134
2469
1346
2602
1986
2331
2793
270
2031
1350
1794
651
960
1290
1387
422
704
1630
640
2752
883
2376
2759
2328
1037
1176
807
2603
2057
577
2042
1857
516
1830
2259
1466
2212
2916
2244
2237
2903
2616
884
1670
900
2878
1929
2563
2044
2860
176
510
2572
1602
569
1398
2773
2908
307
2304
526
1993
2653
1076
2197
218
865
2894
2874
2336
2831
470
601
1524
344
1055
239
896
2372
779
2826
1458
816
1067
1455
2484
241
1648
2162
464
2144
1655
1662
1586
440
2596
2778
549
1601
607
1582
2516
2420
151
1649
721
794
564
1075
2069
725
2062
2028
1622
2905
905
810
1149
2785
2278
2313
1722
1718
2804
2472
575
1348
326
2220
284
1641
2386
2667
2118
584
2369
524
1896
2605
2222
806
1358
2422
706
183
488
755
1855
2852
1880
1647
1158
2677
687
1895
809
2335
66
612
2664
431
69
1262
455
2190
767
2078
1241
2314
160
1528
677
97
340
963
1012
1109
181
1457
2795
1638
2077
1996
1588
1224
2186
2520
2772
2045
1446
474
1849
2587
1994
2763
1907
55
403
610
2597
1320
329
1173
298
351
1760
837
388
2192
1859
1772
2187
2194
635
106
796
39
2749
2421
263
101
1721
523
944
945
1375
2799
2534
1051
920
1468
1575
234
442
1720
2236
396
1988
2573
858
41
121
2838
1645
572
2585
417
1728
674
2316
2615
2157
2146
2679
972
874
1766
1197
616
680
531
819
1136
1971
382
1769
2416
2178
1875
1646
1194
1851
1816
1927
1699
451
1472
1923
1881
1444
2126
361
891
966
2032
689
514
68
2322
2890
212
1568
2497
1131
1307
2514
1166
115
2588
2002
232
681
1821
278
383
389
914
347
2063
1086
2312
2029
1924
122
724
2047
973
1918
508
986
57
932
656
412
1104
1548
99
667
1667
274
1492
1737
1028
609
265
1221
1364
2371
2293
1265
2547
1572
2533
275
1306
2828
1481
977
947
664
475
2462
1424
2156
1255
2850
1688
11
104
2809
2888
2649
916
1248
1393
2538
515
1120
2440
2687
1756
2732
1746
1487
191
245
574
409
1065
2882
2565
2260
728
1200
2537
2483
40
929
2102
1762
2701
1797
1278
2097
621
1199
2601
703
163
1074
109
558
1235
2621
24
195
301
1127
2853
2899
1675
2145
2268
105
1965
2509
355
1763
2306
2502
2199
691
1758
2606
1250
2095
2699
2567
1809
2500
2528
59
1813
2746
1289
1153
436
2688
2812
2357
980
1530
1339
1563
2024
833
1753
4
1269
1415
1366
2609
415
2389
1183
1268
1750
2189
1066
2779
1639
449
2321
556
1198
695
709
2349
1519
309
1394
2301
1453
1724
366
1476
1595
2014
894
513
751
1013
1567
1810
2347
1041
498
1612
2180
1739
930
1783
1489
1215
199
942
1411
1624
623
2650
1868
2307
1619
2203
1710
1904
2766
1325
2115
35
2917
875
1016
2363
429
299
1525
2789
1944
148
1294
2196
2016
15
2397
2269
1785
2734
116
2636
1352
1374
2393
325
2614
2843
1505
699
1883
177
61
1608
1111
1668
1091
2575
162
2418
1343
1908
43
2437
2297
120
1890
1184
2802
1597
392
912
1484
502
2264
1070
2104
499
362
2282
1653
566
630
238
1676
805
2329
855
2415
82
1698
679
2780
2719
1319
418
184
1296
2476
1029
2549
2075
1202
1901
484
1684
2210
65
671
2607
2612
1314
2333
2848
1791
1782
2554
748
480
1087
1842
528
895
2171
1494
2790
780
1663
597
1774
468
272
1685
171
2815
210
993
1308
511
235
219
2645
1618
843
2703
2717
1552
2036
170
185
901
1142
128
2522
2037
2229
1395
542
1298
2568
1934
486
1967
1989
1850
1564
244
2039
1605
2463
45
1318
2683
739
1945
712
2685
863
1835
2128
28
2125
659
1326
2449
1495
2248
229
1057
770
1992
2427
1899
1598
1267
472
492
142
682
2810
2631
889
49
2545
2275
1744
520
139
2794
1847
1946
2107
2345
85
2049
1826
333
840
1666
405
713
644
193
1072
996
2552
2769
582
2706
2011
2417
1844
168
1332
1211
52
1661
1687
450
54
441
1185
2767
23
2914
22
1378
410
1905
888
2059
402
1365
2544
646
390
2183
1557
432
603
1039
866
2181
2379
1473
940
353
1518
2238
291
25
1886
108
2225
1165
561
2009
919
2021
1562
1823
243
2758
2408
1959
1251
917
16
2165
2529
222
1636
286
1342
985
1146
1292
155
2774
314
1465
658
1232
904
141
2637
398
2811
228
902
716
2727
1482
2403
1145
2836
974
2808
2442
1599
1479
1063
1604
518
2218
2409
2742
696
1002
1322
1152
2127
1362
705
1323
1167
557
79
1436
2280
1429
2557
1201
251
225
112
517
2164
525
188
2205
1615
1906
1921
764
2066
2582
1467
550
261
288
2242
1852
256
2138
1239
1512
1174
1629
2151
2652
1309
1313
1106
2401
2288
2184
1150
2005
182
1130
776
123
1979
2760
1522
1100
1383
6
803
841
1960
1591
669
311
87
1208
416
2536
2775
2305
38
2424
1606
2844
426
1090
1566
1258
927
2445
1026
1625
1373
1743
1470
628
78
27
420
1587
857
207
935
2207
248
463
1991
629
1449
1397
962
2410
2555
2094
2515
1240
672
1399
2474
327
790
152
285
156
1928
2435
493
1681
2123
2521
1872
1708
576
645
379
369
2193
2358
1633
1503
2413
1827
1459
161
1190
1032
2613
1917
2003
2452
2320
1975
34
1498
860
2133
675
1832
2471
150
1175
1396
2055
1017
934
1570
2919
2432
2221
2798
1577
1700
1533
2623
1730
1438
1998
886
613
2739
476
1056
1692
411
2367
2250
673
1950
2531
1504
1922
280
9
954
339
1507
2740
1664
1554
2215
2493
2682
1894
373
1990
2580
21
2881
2646
2261
1559
2330
697
2498
1367
723
1316
618
1940
505
2820
230
1745
189
1213
994
2676
532
2736
1022
1701
2324
2033
1141
1761
2352
999
2089
1714
1082
2595
2159
2620
1244
77
2231
2399
495
462
2576
2423
648
489
571
2694
2411
2214
1154
1410
2459
295
1812
1770
332
2859
2385
2182
1644
491
1050
939
774
1643
345
701
267
434
377
2467
853
343
2245
2241
425
1759
2564
1529
898
982
1451
308
2155
719
237
614
1256
1493
1315
2272
1038
976
1412
1510
48
1060
2539
1080
2332
330
735
114
233
1464
172
319
1103
2100
253
634
789
1168
2702
1521
1863
585
318
2535
1574
1779
795
711
1696
921
2861
1866
2338
850
2061
490
1748
289
1560
2751
1347
1108
2604
1107
626
2912
827
2647
2375
2586
1115
745
2781
2113
890
37
1903
2712
2590
2224
2436
1020
323
2553
1079
2589
2716
1848
1252
2698
2906
2353
2662
2692
1261
1877
1631
2562
1947
1623
89
1333
2308
2373
2108
196
2170
132
2797
2120
198
354
2131
201
2058
2840
313
1656
2822
2743
435
2806
2299
2901
1551
2868
1502
2018
718
2900
487
1723
1898
2738
144
1019
1611
1999
2626
394
2566
1799
269
2864
1300
830
922
119
1097
1610
1815
811
2271
1962
749
2370
477
2161
1351
17
305
46
743
2805
637
2902
2318
627
620
2179
2246
1
2654
2234
1715
737
2718
1787
1526
2213
264
2334
2665
2266
445
2232
1515
2284
2350
1287
2762
2488
1808
494
1003
2782
1180
204
1780
2570
1478
460
2783
72
2412
2776
145
1155
838
86
2065
661
111
2354
763
2628
453
2434
214
941
2137
2342
2622
1792
1093
1912
1931
2251
2429
2883
1817
1910
294
1157
2560
1448
1657
869
2013
2678
2359
1738
1098
268
173
1669
197
164
746
2443
1425
202
186
2460
1161
249
2262
1171
1527
2756
1613
2506
1147
606
1617
756
844
1036
2747
63
2803
852
2068
154
2364
1011
118
213
777
1384
1206
2025
956
438
2079
1833
2400
1862
2154
2110
967
872
1441
1477
955
1556
1428
2228
642
103
535
2240
599
817
1651
2167
2507
2
1281
2425
1547
946
44
1874
573
1304
1413
678
2875
1035
13
698
2870
223
1540
2611
2085
1978
2285
1837
2064
2295
509
686
2713
1338
1160
2006
702
1496
2644
1963
1279
1280
1764
1330
448
1229
165
544
427
322
1203
1230
2283
1246
592
1236
1893
2217
178
1640
363
647
2729
2168
2862
2084
2592
1006
2548
1678
1237
2632
1876
341
359
2656
1686
1969
1388
1058
587
1205
1405
625
281
1311
2020
2893
793
1755
988
1579
2834
952
808
1786
2015
1452
2387
2640
1245
1407
1218
2910
2675
2730
2446
2761
1400
1391
1781
266
303
1995
302
730
707
1546
821
1878
358
2136
1974
471
801
2351
1125
1277
1936
1238
1291
1027
975
782
1941
638
781
1084
2382
1260
192
2012
1500
2846
485
279
2524
2624
2276
1822
58
1867
273
529
2083
1680
622
316
153
1520
552
1283
360
1357
949
907
1987
1234
1980
226
2482
1463
1078
372
2325
826
10
540
580
1665
2527
882
978
859
2223
1439
447
1735
419
2076
1010
2857
1652
2777
2202
998
969
209
570
1474
1045
636
2026
536
2915
813
2558
257
1259
815
2726
166
1632
1454
1192
1379
391
454
1571
19
2479
2625
761
2750
766
2071
578
670
2008
992
2082
1594
2877
2610
413
1871
2287
693
1864
1270
2093
2633
2292
1129
1937
1226
2327
190
652
2101
255
2892
1673
2000
559
1703
868
1293
2090
1858
2450
2510
167
2490
2854
968
961
1417
1952
1329
2188
1932
1186
1285
1789
734
2478
903
943
2200
631
1324
2546
1517
568
2879
1177
2081
847
2404
2466
140
2551
1385
1421
2377
1882
1642
2134
2390
2728
1658
1024
2135
787
2837
1902
2714
604
1814
67
1105
839
437
1951
1897
1389
1119
1128
2725
791
1363
605
1423
1576
1914
2001
2122
1099
1461
989
